1.504265000000000043e+02 1.682750200000000085e+00
1.505003299999999911e+02 1.818652799999999958e+00
1.505574100000000044e+02 1.896011700000000078e+00
1.506430499999999881e+02 1.836450600000000044e+00
1.505575499999999920e+02 1.844983700000000004e+00
1.505769400000000076e+02 1.761782600000000087e+00
1.506203299999999956e+02 1.806613999999999942e+00
1.506524200000000064e+02 1.810022299999999973e+00
1.504832199999999887e+02 1.778166700000000100e+00
1.505743799999999908e+02 1.856749100000000041e+00
1.503516899999999907e+02 1.634475899999999982e+00
1.502794199999999876e+02 1.904487000000000041e+00
1.502451599999999985e+02 1.900044099999999903e+00
1.502452900000000113e+02 1.848034799999999978e+00
1.502555999999999869e+02 1.672886199999999990e+00
1.503765600000000120e+02 1.717875999999999959e+00
1.503199500000000057e+02 1.681570800000000032e+00
1.501897700000000100e+02 1.657372099999999904e+00
1.500564300000000060e+02 1.627458999999999989e+00
1.501799599999999941e+02 1.768872699999999965e+00
1.500332699999999875e+02 1.703464300000000042e+00
1.500475500000000011e+02 1.649511399999999961e+00
1.500243700000000047e+02 1.911060500000000051e+00
1.501016099999999938e+02 1.848335599999999967e+00
1.502133900000000040e+02 1.674238600000000021e+00
1.502066100000000120e+02 1.823270500000000016e+00
1.499641300000000115e+02 1.680328599999999950e+00
1.497936699999999917e+02 1.853281100000000015e+00
1.499001900000000091e+02 1.896654499999999910e+00
1.499916000000000054e+02 1.724280599999999941e+00
1.498514499999999998e+02 1.773187099999999905e+00
1.498839800000000082e+02 1.750984000000000096e+00
1.498906299999999874e+02 1.818299099999999946e+00
1.498237699999999961e+02 1.699348099999999917e+00
1.499954700000000116e+02 1.655681200000000075e+00
1.497615399999999966e+02 1.646706999999999921e+00
1.495924699999999916e+02 1.756730799999999926e+00
1.495453500000000133e+02 1.668116900000000014e+00
1.496448000000000036e+02 1.750653800000000038e+00
1.496499200000000087e+02 1.865854899999999983e+00
1.495779300000000092e+02 1.797182700000000022e+00
1.495646099999999876e+02 1.823077700000000023e+00
1.496872700000000123e+02 1.719176899999999897e+00
1.495902100000000132e+02 2.774519399999999969e+00
1.496000799999999913e+02 2.821184699999999879e+00
1.496314299999999946e+02 2.868215600000000087e+00
1.496100000000000136e+02 2.210762599999999800e+00
1.495342499999999859e+02 2.493077099999999824e+00
1.495828199999999981e+02 2.484294999999999920e+00
1.496338499999999954e+02 2.115772699999999951e+00
1.495852299999999957e+02 2.051086300000000140e+00
1.495968100000000049e+02 2.149796600000000169e+00
1.496060799999999915e+02 2.387229299999999999e+00
1.495623400000000061e+02 2.305067399999999989e+00
1.496572099999999921e+02 2.325726500000000030e+00
1.499257399999999905e+02 2.574428000000000161e+00
1.497281800000000089e+02 2.358039400000000008e+00
1.497167900000000031e+02 2.477804700000000082e+00
1.497035999999999945e+02 2.578086199999999995e+00
1.497389400000000137e+02 2.220678799999999953e+00
1.496395300000000077e+02 2.303076299999999854e+00
1.499551199999999938e+02 2.340308900000000136e+00
1.498519300000000101e+02 1.998414600000000041e+00
1.499771299999999883e+02 2.004902700000000149e+00
1.497444999999999879e+02 2.027444800000000047e+00
1.500133600000000058e+02 2.029592300000000016e+00
1.497847099999999898e+02 2.094609399999999955e+00
1.497069799999999873e+02 2.158955199999999852e+00
1.498599000000000103e+02 2.148731300000000122e+00
1.498188399999999945e+02 2.162297999999999831e+00
1.496948999999999899e+02 2.138413100000000178e+00
1.496863500000000045e+02 2.047064199999999889e+00
1.498016000000000076e+02 2.898904499999999995e+00
1.497861800000000017e+02 2.906671199999999899e+00
1.497572000000000116e+02 2.893403100000000006e+00
1.496483299999999872e+02 2.818700699999999948e+00
1.496944900000000018e+02 2.931518800000000091e+00
1.497823899999999924e+02 2.703671899999999795e+00
1.497172799999999881e+02 2.865653399999999795e+00
1.497613200000000120e+02 2.929085199999999833e+00
1.497729600000000119e+02 2.636083999999999872e+00
1.497683499999999981e+02 2.832745500000000138e+00
1.497027799999999900e+02 2.878681600000000174e+00
1.496989599999999996e+02 2.758704900000000126e+00
1.496418600000000083e+02 2.740864000000000189e+00
1.497874099999999942e+02 2.672207999999999917e+00
1.500841299999999876e+02 2.576317299999999921e+00
1.501045699999999954e+02 2.431587899999999802e+00
1.502121199999999988e+02 2.536996600000000157e+00
1.501479699999999866e+02 2.280530699999999911e+00
1.500593100000000106e+02 2.628388399999999958e+00
1.501115800000000036e+02 2.509418699999999891e+00
1.501939099999999883e+02 2.551275899999999819e+00
1.500956099999999935e+02 2.220131299999999808e+00
1.501859399999999880e+02 2.474567500000000031e+00
1.501982899999999859e+02 1.986276799999999954e+00
1.502003200000000049e+02 2.209716400000000025e+00
1.500543800000000090e+02 1.999652200000000102e+00
1.501985699999999895e+02 2.068522499999999820e+00
1.500907400000000109e+02 2.000002100000000116e+00
